// Aura
// Database file
// 
// Structure:
// SkillId  Rank  Race  [TalentId  TalentExp ...]
//---------------------------------------------------------------------------

// Lance Mastery
23062,1,5,9,2600
23062,2,5,9,5200
23062,3,5,9,7800
23062,4,5,9,10400
23062,5,5,9,13000
23062,6,5,9,15600
23062,7,5,9,26000
23062,8,5,9,31200
23062,9,5,9,36400
23062,10,5,9,41600
23062,11,5,9,52000
23062,12,5,9,59800
23062,13,5,9,70200
23062,14,5,9,78000
23062,15,5,9,91000

// Lance Counter
20016,1,5,9,13000
20016,2,5,9,15600
20016,3,5,9,18200
20016,4,5,9,20800
20016,5,5,9,23400
20016,6,5,9,26000
20016,7,5,9,39000
20016,8,5,9,39000
20016,9,5,9,39000
20016,10,5,9,39000
20016,11,5,9,52000
20016,12,5,9,65000
20016,13,5,9,78000
20016,14,5,9,91000
20016,15,5,9,104000

// Lance Charge
20017,1,5,9,27200
20017,2,5,9,27200
20017,3,5,9,27600
20017,4,5,9,41500
20017,5,5,9,41900
20017,6,5,9,42100
20017,7,5,9,50800
20017,8,5,9,59100
20017,9,5,9,67400
20017,10,5,9,75700
20017,11,5,9,84400
20017,12,5,9,111600
20017,13,5,9,138800
20017,14,5,9,166000
20017,15,5,9,194000

// Smash
20002,1,1,1,1700,9,200
20002,2,1,1,6800,9,800
20002,3,1,1,6800,9,800
20002,4,1,1,6800,9,800
20002,5,1,1,8500,9,1000
20002,6,1,1,10200,9,1200
20002,7,1,1,11900,9,1400
20002,8,1,1,13600,9,1600
20002,9,1,1,17000,9,2000
20002,10,1,1,20400,9,2400
20002,11,1,1,34000,9,4000
20002,12,1,1,37400,9,4400
20002,13,1,1,40800,9,4800
20002,14,1,1,44200,9,5200
20002,15,1,1,51000,9,6000
20002,1,2,1,3000
20002,2,2,1,6000
20002,3,2,1,12000
20002,4,2,1,18000
20002,5,2,1,24000
20002,6,2,1,30000
20002,7,2,1,33000
20002,8,2,1,33000
20002,9,2,1,33000
20002,10,2,1,33000
20002,11,2,1,39000
20002,12,2,1,39000
20002,13,2,1,39000
20002,14,2,1,39000
20002,15,2,1,60000
20002,1,4,1,1500,9,200
20002,2,4,1,6000,9,800
20002,3,4,1,6000,9,800
20002,4,4,1,6000,9,800
20002,5,4,1,7500,9,1000
20002,6,4,1,9000,9,1200
20002,7,4,1,10500,9,1400
20002,8,4,1,12000,9,1600
20002,9,4,1,15000,9,2000
20002,10,4,1,18000,9,2400
20002,11,4,1,30000,9,4000
20002,12,4,1,33000,9,4400
20002,13,4,1,36000,9,4800
20002,14,4,1,39000,9,5200
20002,15,4,1,45000,9,6000

// Windmill
22001,1,1,1,5100,9,600
22001,2,1,1,6800,9,800
22001,3,1,1,6800,9,800
22001,4,1,1,6800,9,800
22001,5,1,1,8500,9,1000
22001,6,1,1,10200,9,1200
22001,7,1,1,11900,9,1400
22001,8,1,1,13600,9,1600
22001,9,1,1,17000,9,2000
22001,10,1,1,20400,9,2400
22001,11,1,1,30600,9,3600
22001,12,1,1,34000,9,4000
22001,13,1,1,37400,9,4400
22001,14,1,1,40800,9,4800
22001,15,1,1,51000,9,6000
22001,1,2,1,4000
22001,2,2,1,4000
22001,3,2,1,8000
22001,4,2,1,16000
22001,5,2,1,28000
22001,6,2,1,44000
22001,7,2,1,48000
22001,8,2,1,52000
22001,9,2,1,56000
22001,10,2,1,60000
22001,11,2,1,64000
22001,12,2,1,68000
22001,13,2,1,72000
22001,14,2,1,76000
22001,15,2,1,80000
22001,1,4,1,4500,9,600
22001,2,4,1,6000,9,800
22001,3,4,1,6000,9,800
22001,4,4,1,6000,9,800
22001,5,4,1,7500,9,1000
22001,6,4,1,9000,9,1200
22001,7,4,1,10500,9,1400
22001,8,4,1,12000,9,1600
22001,9,4,1,15000,9,2000
22001,10,4,1,18000,9,2400
22001,11,4,1,27000,9,3600
22001,12,4,1,30000,9,4000
22001,13,4,1,33000,9,4400
22001,14,4,1,36000,9,4800
22001,15,4,1,45000,9,6000

// Defense
20001,1,1,1,1000
20001,2,1,1,1000
20001,3,1,1,3000
20001,4,1,1,5000
20001,5,1,1,7000
20001,6,1,1,8000
20001,7,1,1,11000
20001,8,1,1,12000
20001,9,1,1,13000
20001,10,1,1,14000
20001,11,1,1,17000
20001,12,1,1,18000
20001,13,1,1,19000
20001,14,1,1,20000
20001,15,1,1,25000
20001,1,2,1,1000
20001,2,2,1,2000
20001,3,2,1,3000
20001,4,2,1,4000
20001,5,2,1,5000
20001,6,2,1,7000
20001,7,2,1,9000
20001,8,2,1,9000
20001,9,2,1,9000
20001,10,2,1,9000
20001,11,2,1,11000
20001,12,2,1,11000
20001,13,2,1,11000
20001,14,2,1,11000
20001,15,2,1,20000
20001,1,4,1,1000
20001,2,4,1,1000
20001,3,4,1,3000
20001,4,4,1,5000
20001,5,4,1,7000
20001,6,4,1,8000
20001,7,4,1,11000
20001,8,4,1,12000
20001,9,4,1,13000
20001,10,4,1,14000
20001,11,4,1,17000
20001,12,4,1,18000
20001,13,4,1,19000
20001,14,4,1,20000
20001,15,4,1,25000

// Counterattack
20003,1,1,1,1500
20003,2,1,1,2000
20003,3,1,1,2500
20003,4,1,1,3000
20003,5,1,1,3000
20003,6,1,1,3500
20003,7,1,1,4000
20003,8,1,1,4500
20003,9,1,1,5000
20003,10,1,1,5500
20003,11,1,1,6000
20003,12,1,1,6500
20003,13,1,1,7000
20003,14,1,1,7500
20003,15,1,1,9000
20003,1,2,1,1000
20003,2,2,1,1000
20003,3,2,1,2000
20003,4,2,1,4000
20003,5,2,1,6000
20003,6,2,1,8000
20003,7,2,1,9000
20003,8,2,1,9000
20003,9,2,1,9000
20003,10,2,1,9000
20003,11,2,1,10000
20003,12,2,1,10000
20003,13,2,1,10000
20003,14,2,1,10000
20003,15,2,1,15000
20003,1,4,1,1500
20003,2,4,1,2000
20003,3,4,1,2500
20003,4,4,1,3000
20003,5,4,1,3000
20003,6,4,1,3500
20003,7,4,1,4000
20003,8,4,1,4500
20003,9,4,1,5000
20003,10,4,1,5500
20003,11,4,1,6000
20003,12,4,1,6500
20003,13,4,1,7000
20003,14,4,1,7500
20003,15,4,1,9000

// Assault Slash
20012,1,5,1,1000,9,200
20012,2,5,1,3000,9,600
20012,3,5,1,3000,9,600
20012,4,5,1,5000,9,1000
20012,5,5,1,5000,9,1000
20012,6,5,1,5000,9,1000
20012,7,5,1,8000,9,1600
20012,8,5,1,10000,9,2000
20012,9,5,1,12000,9,2400
20012,10,5,1,15000,9,3000
20012,11,5,1,20000,9,4000
20012,12,5,1,23000,9,4600
20012,13,5,1,27000,9,5400
20012,14,5,1,30000,9,6000
20012,15,5,1,35000,9,7000
20012,1,2,1,1000
20012,2,2,1,3000
20012,3,2,1,3000
20012,4,2,1,5000
20012,5,2,1,5000
20012,6,2,1,5000
20012,7,2,1,8000
20012,8,2,1,10000
20012,9,2,1,12000
20012,10,2,1,15000
20012,11,2,1,20000
20012,12,2,1,23000
20012,13,2,1,27000
20012,14,2,1,30000
20012,15,2,1,35000

// Charge
20011,1,3,1,3000
20011,2,3,1,4000
20011,3,3,1,5000
20011,4,3,1,6000
20011,5,3,1,7000
20011,6,3,1,8000
20011,7,3,1,10000
20011,8,3,1,12000
20011,9,3,1,14000
20011,10,3,1,16000
20011,11,3,1,20000
20011,12,3,1,22000
20011,13,3,1,24000
20011,14,3,1,26000
20011,15,3,1,30000
20011,1,4,1,4500
20011,2,4,1,6000
20011,3,4,1,7500
20011,4,4,1,9000
20011,5,4,1,10500
20011,6,4,1,12000
20011,7,4,1,15000
20011,8,4,1,18000
20011,9,4,1,21000
20011,10,4,1,24000
20011,11,4,1,30000
20011,12,4,1,33000
20011,13,4,1,36000
20011,14,4,1,39000
20011,15,4,1,45000

// Sword Mastery
23012,1,7,1,1000
23012,2,7,1,1000
23012,3,7,1,2000
23012,4,7,1,3000
23012,5,7,1,4000
23012,6,7,1,5000
23012,7,7,1,8000
23012,8,7,1,10000
23012,9,7,1,11000
23012,10,7,1,12000
23012,11,7,1,15000
23012,12,7,1,17000
23012,13,7,1,19000
23012,14,7,1,20000
23012,15,7,1,30000

// Axe Mastery
23013,1,7,1,1000
23013,2,7,1,1000
23013,3,7,1,2000
23013,4,7,1,3000
23013,5,7,1,4000
23013,6,7,1,5000
23013,7,7,1,8000
23013,8,7,1,10000
23013,9,7,1,11000
23013,10,7,1,12000
23013,11,7,1,15000
23013,12,7,1,17000
23013,13,7,1,19000
23013,14,7,1,20000
23013,15,7,1,30000

// Blunt Mastery
23014,1,7,1,1000
23014,2,7,1,1000
23014,3,7,1,2000
23014,4,7,1,3000
23014,5,7,1,4000
23014,6,7,1,5000
23014,7,7,1,8000
23014,8,7,1,10000
23014,9,7,1,11000
23014,10,7,1,12000
23014,11,7,1,15000
23014,12,7,1,17000
23014,13,7,1,19000
23014,14,7,1,20000
23014,15,7,1,30000

// Combat Mastery
23002,1,1,1,1000,9,200
23002,2,1,1,1000,9,200
23002,3,1,1,3000,9,600
23002,4,1,1,5000,9,1000
23002,5,1,1,7000,9,1400
23002,6,1,1,8000,9,1600
23002,7,1,1,10000,9,2000
23002,8,1,1,12000,9,2400
23002,9,1,1,14000,9,2800
23002,10,1,1,16000,9,3200
23002,11,1,1,20000,9,4000
23002,12,1,1,22000,9,4400
23002,13,1,1,24000,9,4800
23002,14,1,1,26000,9,5200
23002,15,1,1,30000,9,6000
23002,1,2,1,1000
23002,2,2,1,1000
23002,3,2,1,3000
23002,4,2,1,5000
23002,5,2,1,7000
23002,6,2,1,9000
23002,7,2,1,10000
23002,8,2,1,10000
23002,9,2,1,10000
23002,10,2,1,10000
23002,11,2,1,11000
23002,12,2,1,11000
23002,13,2,1,11000
23002,14,2,1,11000
23002,15,2,1,20000
23002,1,4,1,1000,9,200
23002,2,4,1,1000,9,200
23002,3,4,1,3000,9,600
23002,4,4,1,5000,9,1000
23002,5,4,1,7000,9,1400
23002,6,4,1,8000,9,1600
23002,7,4,1,10000,9,2000
23002,8,4,1,12000,9,2400
23002,9,4,1,14000,9,2800
23002,10,4,1,16000,9,3200
23002,11,4,1,20000,9,4000
23002,12,4,1,22000,9,4400
23002,13,4,1,24000,9,4800
23002,14,4,1,26000,9,5200
23002,15,4,1,30000,9,6800

// Evasion
23043,1,7,1,1500
23043,2,7,1,3000
23043,3,7,1,6000
23043,4,7,1,9000
23043,5,7,1,12000
23043,6,7,1,15000
23043,7,7,1,18000
23043,8,7,1,21000
23043,9,7,1,25000
23043,10,7,1,27000

// Final Hit
22004,1,1,1,5000
22004,2,1,1,7000
22004,3,1,1,9000
22004,4,1,1,11000
22004,5,1,1,13000
22004,6,1,1,15000
22004,7,1,1,20000
22004,8,1,1,24000
22004,9,1,1,28000
22004,10,1,1,32000
22004,11,1,1,40000
22004,12,1,1,45000
22004,13,1,1,50000
22004,14,1,1,55000
22004,15,1,1,60000

// Stomp
22007,1,4,1,500
22007,2,4,1,500
22007,3,4,1,1000
22007,4,4,1,2000
22007,5,4,1,2500
22007,6,4,1,3500
22007,7,4,1,4500
22007,8,4,1,5000
22007,9,4,1,5500
22007,10,4,1,6500
22007,11,4,1,7500
22007,12,4,1,7500
22007,13,4,1,7500
22007,14,4,1,7500
22007,15,4,1,15000

// Wind Guard
23028,1,4,1,2000
23028,2,4,1,3000
23028,3,4,1,4000
23028,4,4,1,5000
23028,5,4,1,6500
23028,6,4,1,7500
23028,7,4,1,10000
23028,8,4,1,12500
23028,9,4,1,15000
23028,10,4,1,17500
23028,11,4,1,20000
23028,12,4,1,22500
23028,13,4,1,25000
23028,14,4,1,27500
23028,15,4,1,30000

// Taunt
23029,1,4,1,1500
23029,2,4,1,2000
23029,3,4,1,2500
23029,4,4,1,3000
23029,5,4,1,3500
23029,6,4,1,4000
23029,7,4,1,5000
23029,8,4,1,5000
23029,9,4,1,5000
23029,10,4,1,6000
23029,11,4,1,7000
23029,12,4,1,8000
23029,13,4,1,9000
23029,14,4,1,10000
23029,15,4,1,12500

// Throwing Attack
21010,1,4,1,1500
21010,2,4,1,1500
21010,3,4,1,1500
21010,4,4,1,2500
21010,5,4,1,2500
21010,6,4,1,2500
21010,7,4,1,3500
21010,8,4,1,3500
21010,9,4,1,5000
21010,10,4,1,5000
21010,11,4,1,7500
21010,12,4,1,7500
21010,13,4,1,7500
21010,14,4,1,7500
21010,15,4,1,15000

// Ranged Attack
21001,1,1,3,1200
21001,2,1,3,1200
21001,3,1,3,3600
21001,4,1,3,6000
21001,5,1,3,8400
21001,6,1,3,9600
21001,7,1,3,10800
21001,8,1,3,12000
21001,9,1,3,14400
21001,10,1,3,16800
21001,11,1,3,18000
21001,12,1,3,19200
21001,13,1,3,20400
21001,14,1,3,21600
21001,15,1,3,24000
21001,1,2,3,1000
21001,2,2,3,3000
21001,3,2,3,6000
21001,4,2,3,9000
21001,5,2,3,12000
21001,6,2,3,15000
21001,7,2,3,18000
21001,8,2,3,19000
21001,9,2,3,20000
21001,10,2,3,21000
21001,11,2,3,22000
21001,12,2,3,23000
21001,13,2,3,24000
21001,14,2,3,25000
21001,15,2,3,30000

// Magnum Shot
21002,1,1,3,2200
21002,2,1,3,8800
21002,3,1,3,11000
21002,4,1,3,15400
21002,5,1,3,19800
21002,6,1,3,22000
21002,7,1,3,26400
21002,8,1,3,26400
21002,9,1,3,26400
21002,10,1,3,26400
21002,11,1,3,44000
21002,12,1,3,46200
21002,13,1,3,48400
21002,14,1,3,50600
21002,15,1,3,66000
21002,1,2,3,1500
21002,2,2,3,4500
21002,3,2,3,7500
21002,4,2,3,10500
21002,5,2,3,13500
21002,6,2,3,16500
21002,7,2,3,19500
21002,8,2,3,21000
21002,9,2,3,22500
21002,10,2,3,24000
21002,11,2,3,25500
21002,12,2,3,28500
21002,13,2,3,31500
21002,14,2,3,34500
21002,15,2,3,45000

// Support Shot
21006,1,1,3,1000
21006,2,1,3,1000
21006,3,1,3,3000
21006,4,1,3,3000
21006,5,1,3,5000
21006,6,1,3,5000
21006,7,1,3,10000
21006,8,1,3,10000
21006,9,1,3,12000
21006,10,1,3,12000
21006,11,1,3,18000
21006,12,1,3,21000
21006,13,1,3,24000
21006,14,1,3,27000
21006,15,1,3,30000
21006,1,2,3,1000
21006,2,2,3,1000
21006,3,2,3,3000
21006,4,2,3,3000
21006,5,2,3,5000
21006,6,2,3,5000
21006,7,2,3,10000
21006,8,2,3,10000
21006,9,2,3,12000
21006,10,2,3,12000
21006,11,2,3,18000
21006,12,2,3,21000
21006,13,2,3,24000
21006,14,2,3,27000
21006,15,2,3,30000

// Crash Shot
22011,1,1,3,21000
22011,2,1,3,25200
22011,3,1,3,29400
22011,4,1,3,33600
22011,5,1,3,37800
22011,6,1,3,42000
22011,7,1,3,46200
22011,8,1,3,50400
22011,9,1,3,54600
22011,10,1,3,58800
22011,11,1,3,84000
22011,12,1,3,105000
22011,13,1,3,126000
22011,14,1,3,147000
22011,15,1,3,168000
22011,1,2,3,15000
22011,2,2,3,18000
22011,3,2,3,21000
22011,4,2,3,24000
22011,5,2,3,27000
22011,6,2,3,30000
22011,7,2,3,33000
22011,8,2,3,36000
22011,9,2,3,39000
22011,10,2,3,42000
22011,11,2,3,60000
22011,12,2,3,75000
22011,13,2,3,90000
22011,14,2,3,105000
22011,15,2,3,120000

// Bow Mastery
23060,1,3,3,1000
23060,2,3,3,1000
23060,3,3,3,2000
23060,4,3,3,3000
23060,5,3,3,4000
23060,6,3,3,5000
23060,7,3,3,8000
23060,8,3,3,10000
23060,9,3,3,11000
23060,10,3,3,12000
23060,11,3,3,15000
23060,12,3,3,17000
23060,13,3,3,19000
23060,14,3,3,20000
23060,15,3,3,30000

// Crossbow Mastery
23061,1,3,3,1000
23061,2,3,3,1000
23061,3,3,3,2000
23061,4,3,3,3000
23061,5,3,3,4000
23061,6,3,3,5000
23061,7,3,3,8000
23061,8,3,3,10000
23061,9,3,3,11000
23061,10,3,3,12000
23061,11,3,3,15000
23061,12,3,3,17000
23061,13,3,3,19000
23061,14,3,3,20000
23061,15,3,3,30000

// Arrow Revolver
21004,1,1,3,6600
21004,2,1,3,11000
21004,3,1,3,11000
21004,4,1,3,22000
21004,5,1,3,11000
21004,6,1,3,11000
21004,7,1,3,22000
21004,8,1,3,15400
21004,9,1,3,15400
21004,10,1,3,15400
21004,11,1,3,33000
21004,12,1,3,44000
21004,13,1,3,55000
21004,14,1,3,66000
21004,15,1,3,132000

// Mirage Missile
21007,1,2,3,1500
21007,2,2,3,3000
21007,3,2,3,4500
21007,4,2,3,6000
21007,5,2,3,7500
21007,6,2,3,9000
21007,7,2,3,13500
21007,8,2,3,16500
21007,9,2,3,19500
21007,10,2,3,22500
21007,11,2,3,30000
21007,12,2,3,33000
21007,13,2,3,36000
21007,14,2,3,39000
21007,15,2,3,60000

// Final Shot
23030,1,2,3,5000
23030,2,2,3,7000
23030,3,2,3,9000
23030,4,2,3,11000
23030,5,2,3,13000
23030,6,2,3,15000
23030,7,2,3,20000
23030,8,2,3,24000
23030,9,2,3,28000
23030,10,2,3,32000
23030,11,2,3,40000
23030,12,2,3,45000
23030,13,2,3,50000
23030,14,2,3,55000
23030,15,2,3,60000

// Lightning Bolt
30101,1,1,2,4000
30101,2,1,2,4000
30101,3,1,2,4000
30101,4,1,2,4000
30101,5,1,2,4000
30101,6,1,2,4000
30101,7,1,2,6400
30101,8,1,2,6400
30101,9,1,2,6400
30101,10,1,2,6400
30101,11,1,2,8000
30101,12,1,2,8000
30101,13,1,2,8000
30101,14,1,2,8000
30101,15,1,2,16000
30101,1,2,2,4200
30101,2,2,2,4200
30101,3,2,2,4200
30101,4,2,2,4200
30101,5,2,2,4200
30101,6,2,2,4200
30101,7,2,2,7000
30101,8,2,2,7000
30101,9,2,2,7000
30101,10,2,2,7000
30101,11,2,2,9800
30101,12,2,2,9800
30101,13,2,2,9800
30101,14,2,2,9800
30101,15,2,2,14000
30101,1,4,2,4000
30101,2,4,2,4000
30101,3,4,2,4000
30101,4,4,2,4000
30101,5,4,2,4000
30101,6,4,2,4000
30101,7,4,2,6400
30101,8,4,2,6400
30101,9,4,2,6400
30101,10,4,2,6400
30101,11,4,2,8000
30101,12,4,2,8000
30101,13,4,2,8000
30101,14,4,2,8000
30101,15,4,2,16000

// Icebolt
30301,1,1,2,2400
30301,2,1,2,2400
30301,3,1,2,2400
30301,4,1,2,2400
30301,5,1,2,2400
30301,6,1,2,2400
30301,7,1,2,4000
30301,8,1,2,4000
30301,9,1,2,4000
30301,10,1,2,4000
30301,11,1,2,5600
30301,12,1,2,6400
30301,13,1,2,7200
30301,14,1,2,8000
30301,15,1,2,16000
30301,1,2,2,2100
30301,2,2,2,2100
30301,3,2,2,2100
30301,4,2,2,2100
30301,5,2,2,2100
30301,6,2,2,2100
30301,7,2,2,5600
30301,8,2,2,5600
30301,9,2,2,5600
30301,10,2,2,5600
30301,11,2,2,9100
30301,12,2,2,9100
30301,13,2,2,9100
30301,14,2,2,9100
30301,15,2,2,14000
30301,1,4,2,2400
30301,2,4,2,2400
30301,3,4,2,2400
30301,4,4,2,2400
30301,5,4,2,2400
30301,6,4,2,2400
30301,7,4,2,4000
30301,8,4,2,4000
30301,9,4,2,4000
30301,10,4,2,4000
30301,11,4,2,5600
30301,12,4,2,6400
30301,13,4,2,7200
30301,14,4,2,8000
30301,15,4,2,16000

// Firebolt
30201,1,1,2,2400
30201,2,1,2,2400
30201,3,1,2,2400
30201,4,1,2,2400
30201,5,1,2,2400
30201,6,1,2,2400
30201,7,1,2,5600
30201,8,1,2,5600
30201,9,1,2,5600
30201,10,1,2,5600
30201,11,1,2,9600
30201,12,1,2,9600
30201,13,1,2,9600
30201,14,1,2,9600
30201,15,1,2,12000
30201,1,2,2,2800
30201,2,2,2,2800
30201,3,2,2,2800
30201,4,2,2,2800
30201,5,2,2,2800
30201,6,2,2,2800
30201,7,2,2,7000
30201,8,2,2,7000
30201,9,2,2,7000
30201,10,2,2,7000
30201,11,2,2,11200
30201,12,2,2,11200
30201,13,2,2,11200
30201,14,2,2,11200
30201,15,2,2,14000
30201,1,4,2,2400
30201,2,4,2,2400
30201,3,4,2,2400
30201,4,4,2,2400
30201,5,4,2,2400
30201,6,4,2,2400
30201,7,4,2,5600
30201,8,4,2,5600
30201,9,4,2,5600
30201,10,4,2,5600
30201,11,4,2,9600
30201,12,4,2,9600
30201,13,4,2,9600
30201,14,4,2,9600
30201,15,4,2,12000

// Healing
30006,1,7,10,4000
30006,2,7,10,6000
30006,3,7,10,10000
30006,4,7,10,14000
30006,5,7,10,16000
30006,6,7,10,18000
30006,7,7,10,20000
30006,8,7,10,24000
30006,9,7,10,28000
30006,10,7,10,35000
30006,11,7,10,45000
30006,12,7,10,50000
30006,13,7,10,55000
30006,14,7,10,62000
30006,15,7,10,75000

// Party Healing
30008,1,7,10,6000
30008,2,7,10,6000
30008,3,7,10,6000
30008,4,7,10,10000
30008,5,7,10,15000
30008,6,7,10,20000
30008,7,7,10,25000
30008,8,7,10,35000
30008,9,7,10,40000
30008,10,7,10,50000
30008,11,7,10,60000
30008,12,7,10,70000
30008,13,7,10,80000
30008,14,7,10,90000
30008,15,7,10,100000

// First Aid
10009,1,7,10,1000
10009,2,7,10,2000
10009,3,7,10,5000
10009,4,7,10,6000
10009,5,7,10,8000
10009,6,7,10,10000
10009,7,7,10,20000
10009,8,7,10,30000
10009,9,7,10,40000
10009,10,7,10,50000

// Mana Shield
30464,1,7,10,5600
30464,2,7,10,8400
30464,3,7,10,11200
30464,4,7,10,14000
30464,5,7,10,16800
30464,6,7,10,19600
30464,7,7,10,23800
30464,8,7,10,28000
30464,9,7,10,32200
30464,10,7,10,36400

// Meditation
30003,1,7,2,1000,10,1000
30003,2,7,2,1500,10,1500
30003,3,7,2,2000,10,2000
30003,4,7,2,2500,10,2500
30003,5,7,2,2500,10,2500
30003,6,7,2,2500,10,2500
30003,7,7,2,2500,10,2500
30003,8,7,2,2500,10,2500

// Blaze
30470,1,7,2,3200
30470,2,7,2,4800
30470,3,7,2,6400
30470,4,7,2,8800
30470,5,7,2,11200
30470,6,7,2,13600
30470,7,7,2,16800
30470,8,7,2,20000
30470,9,7,2,23200
30470,10,7,2,26400
30470,11,7,2,30400
30470,12,7,2,34400
30470,13,7,2,38400
30470,14,7,2,42400
30470,15,7,2,48000

// Thunder
30102,1,1,2,1600
30102,2,1,2,3200
30102,3,1,2,4800
30102,4,1,2,7200
30102,5,1,2,9600
30102,6,1,2,12800
30102,7,1,2,16000
30102,8,1,2,20000
30102,9,1,2,24000
30102,10,1,2,28000
30102,11,1,2,32000
30102,12,1,2,36000
30102,13,1,2,40000
30102,14,1,2,44000
30102,15,1,2,48000
30102,1,2,2,1600
30102,2,2,2,3200
30102,3,2,2,4800
30102,4,2,2,7200
30102,5,2,2,9600
30102,6,2,2,12800
30102,7,2,2,16000
30102,8,2,2,20000
30102,9,2,2,24000
30102,10,2,2,28000
30102,11,2,2,32000
30102,12,2,2,36000
30102,13,2,2,40000
30102,14,2,2,44000
30102,15,2,2,48000
30102,1,4,2,1600
30102,2,4,2,3200
30102,3,4,2,4800
30102,4,4,2,7200
30102,5,4,2,9600
30102,6,4,2,12800
30102,7,4,2,16000
30102,8,4,2,20000
30102,9,4,2,24000
30102,10,4,2,28000
30102,11,4,2,32000
30102,12,4,2,36000
30102,13,4,2,40000
30102,14,4,2,44000
30102,15,4,2,48000

// Ice Spear
30302,1,1,2,3200
30302,2,1,2,4800
30302,3,1,2,6400
30302,4,1,2,8000
30302,5,1,2,9600
30302,6,1,2,11200
30302,7,1,2,16000
30302,8,1,2,20000
30302,9,1,2,24000
30302,10,1,2,28000
30302,11,1,2,33600
30302,12,1,2,38400
30302,13,1,2,43200
30302,14,1,2,48000
30302,15,1,2,56000
30302,1,2,2,3200
30302,2,2,2,4800
30302,3,2,2,6400
30302,4,2,2,8000
30302,5,2,2,9600
30302,6,2,2,11200
30302,7,2,2,16000
30302,8,2,2,20000
30302,9,2,2,24000
30302,10,2,2,28000
30302,11,2,2,33600
30302,12,2,2,38400
30302,13,2,2,43200
30302,14,2,2,48000
30302,15,2,2,56000
30302,1,4,2,3200
30302,2,4,2,4800
30302,3,4,2,6400
30302,4,4,2,8000
30302,5,4,2,9600
30302,6,4,2,11200
30302,7,4,2,16000
30302,8,4,2,20000
30302,9,4,2,24000
30302,10,4,2,28000
30302,11,4,2,33600
30302,12,4,2,38400
30302,13,4,2,43200
30302,14,4,2,48000
30302,15,4,2,56000

// Fireball
30202,1,1,2,5600
30202,2,1,2,6400
30202,3,1,2,7200
30202,4,1,2,8000
30202,5,1,2,9600
30202,6,1,2,12000
30202,7,1,2,13600
30202,8,1,2,16000
30202,9,1,2,20000
30202,10,1,2,24000
30202,11,1,2,28000
30202,12,1,2,32000
30202,13,1,2,36000
30202,14,1,2,40000
30202,15,1,2,48000
30202,1,2,2,5600
30202,2,2,2,6400
30202,3,2,2,7200
30202,4,2,2,8000
30202,5,2,2,9600
30202,6,2,2,12000
30202,7,2,2,13600
30202,8,2,2,16000
30202,9,2,2,20000
30202,10,2,2,24000
30202,11,2,2,28000
30202,12,2,2,32000
30202,13,2,2,36000
30202,14,2,2,40000
30202,15,2,2,48000
30202,1,4,2,5600
30202,2,4,2,6400
30202,3,4,2,7200
30202,4,4,2,8000
30202,5,4,2,9600
30202,6,4,2,12000
30202,7,4,2,13600
30202,8,4,2,16000
30202,9,4,2,20000
30202,10,4,2,24000
30202,11,4,2,28000
30202,12,4,2,32000
30202,13,4,2,36000
30202,14,4,2,40000
30202,15,4,2,48000

// Hail Storm
30307,1,7,2,6400
30307,2,7,2,8000
30307,3,7,2,9600
30307,4,7,2,11200
30307,5,7,2,12800
30307,6,7,2,14400
30307,7,7,2,16000
30307,8,7,2,20000
30307,9,7,2,24000
30307,10,7,2,28000
30307,11,7,2,32000
30307,12,7,2,36000
30307,13,7,2,40000
30307,14,7,2,44000
30307,15,7,2,48000

// Lightning Mastery
30018,1,7,2,1500
30018,2,7,2,1500
30018,3,7,2,1500
30018,4,7,2,3000
30018,5,7,2,3000
30018,6,7,2,3000
30018,7,7,2,4500
30018,8,7,2,4500
30018,9,7,2,4500
30018,10,7,2,4500
30018,11,7,2,7000
30018,12,7,2,8000
30018,13,7,2,9000
30018,14,7,2,10000
30018,15,7,2,12500

// Ice Mastery
30017,1,7,2,1500
30017,2,7,2,1500
30017,3,7,2,1500
30017,4,7,2,3000
30017,5,7,2,3000
30017,6,7,2,3000
30017,7,7,2,4500
30017,8,7,2,4500
30017,9,7,2,4500
30017,10,7,2,4500
30017,11,7,2,7000
30017,12,7,2,8000
30017,13,7,2,9000
30017,14,7,2,10000
30017,15,7,2,12500

// Fire Mastery
30016,1,7,2,1500
30016,2,7,2,1500
30016,3,7,2,1500
30016,4,7,2,3000
30016,5,7,2,3000
30016,6,7,2,3000
30016,7,7,2,4500
30016,8,7,2,4500
30016,9,7,2,4500
30016,10,7,2,4500
30016,11,7,2,7000
30016,12,7,2,8000
30016,13,7,2,9000
30016,14,7,2,10000
30016,15,7,2,12500

// Magic Mastery
30007,1,1,2,500,10,500
30007,2,1,2,500,10,500
30007,3,1,2,1000,10,1000
30007,4,1,2,1000,10,1000
30007,5,1,2,1500,10,1500
30007,6,1,2,1500,10,1500
30007,7,1,2,2500,10,2500
30007,8,1,2,2500,10,2500
30007,9,1,2,3500,10,3500
30007,10,1,2,3500,10,3500
30007,11,1,2,5000,10,5000
30007,12,1,2,5000,10,5000
30007,13,1,2,5000,10,5000
30007,14,1,2,5000,10,5000
30007,15,1,2,7500,10,7500
30007,1,2,2,300,10,500
30007,2,2,2,300,10,500
30007,3,2,2,600,10,1000
30007,4,2,2,600,10,1000
30007,5,2,2,900,10,1500
30007,6,2,2,900,10,1500
30007,7,2,2,1500,10,2500
30007,8,2,2,1500,10,2500
30007,9,2,2,2100,10,3500
30007,10,2,2,2100,10,3500
30007,11,2,2,3000,10,5000
30007,12,2,2,3000,10,5000
30007,13,2,2,3000,10,5000
30007,14,2,2,3000,10,5000
30007,15,2,2,4500,10,7500
30007,1,4,2,500,10,500
30007,2,4,2,500,10,500
30007,3,4,2,1000,10,1000
30007,4,4,2,1000,10,1000
30007,5,4,2,1500,10,1500
30007,6,4,2,1500,10,1500
30007,7,4,2,2500,10,2500
30007,8,4,2,2500,10,2500
30007,9,4,2,3500,10,3500
30007,10,4,2,3500,10,3500
30007,11,4,2,5000,10,5000
30007,12,4,2,5000,10,5000
30007,13,4,2,5000,10,5000
30007,14,4,2,5000,10,5000
30007,15,4,2,7500,10,7500

// Fusion Bolt
30453,1,7,2,1500
30453,2,7,2,2000
30453,3,7,2,2500
30453,4,7,2,3000
30453,5,7,2,3500
30453,6,7,2,4000
30453,7,7,2,6000
30453,8,7,2,7500
30453,9,7,2,9000
30453,10,7,2,10500
30453,11,7,2,12500
30453,12,7,2,15000
30453,13,7,2,17500
30453,14,7,2,20000
30453,15,7,2,25000

// Enchant
30005,1,7,2,500
30005,2,7,2,1400
30005,3,7,2,2100
30005,4,7,2,2800
30005,5,7,2,3500
30005,6,7,2,4200
30005,7,7,2,4900
30005,8,7,2,5600
30005,9,7,2,6300
30005,10,7,2,7000
30005,11,7,2,8400
30005,12,7,2,9800
30005,13,7,2,11200
30005,14,7,2,12600
30005,15,7,2,14000

// Bolt Mastery
30019,1,7,2,1500
30019,2,7,2,1500
30019,3,7,2,1500
30019,4,7,2,3000
30019,5,7,2,3000
30019,6,7,2,3500
30019,7,7,2,4000
30019,8,7,2,4500
30019,9,7,2,5000
30019,10,7,2,6000
30019,11,7,2,7000
30019,12,7,2,8000
30019,13,7,2,10000
30019,14,7,2,12000
30019,15,7,2,15000

// Natural Shield
30463,1,7,10,1400
30463,2,7,10,4200
30463,3,7,10,7000
30463,4,7,10,9800
30463,5,7,10,12600
30463,6,7,10,15400
30463,7,7,10,16800
30463,8,7,10,18200
30463,9,7,10,19600
30463,10,7,10,21000
30463,11,7,10,23800
30463,12,7,10,25200
30463,13,7,10,26600
30463,14,7,10,28000
30463,15,7,10,35000

// Lightning Shield
30462,1,7,10,2800
30462,2,7,10,2800
30462,3,7,10,2800
30462,4,7,10,11200
30462,5,7,10,11200
30462,6,7,10,11200
30462,7,7,10,19600
30462,8,7,10,19600
30462,9,7,10,19600
30462,10,7,10,19600
30462,11,7,10,25200
30462,12,7,10,25200
30462,13,7,10,25200
30462,14,7,10,25200
30462,15,7,10,28000

// Ice Shield
30461,1,7,10,1400
30461,2,7,10,2800
30461,3,7,10,4200
30461,4,7,10,7000
30461,5,7,10,9800
30461,6,7,10,11200
30461,7,7,10,14000
30461,8,7,10,15400
30461,9,7,10,18200
30461,10,7,10,21000
30461,11,7,10,23800
30461,12,7,10,25200
30461,13,7,10,26600
30461,14,7,10,28000
30461,15,7,10,33600

// Fire Shield
30460,1,7,10,4200
30460,2,7,10,4200
30460,3,7,10,8400
30460,4,7,10,8400
30460,5,7,10,12600
30460,6,7,10,12600
30460,7,7,10,16800
30460,8,7,10,16800
30460,9,7,10,16800
30460,10,7,10,16800
30460,11,7,10,21000
30460,12,7,10,21000
30460,13,7,10,21000
30460,14,7,10,21000
30460,15,7,10,28000

// Water Cannon
35004,1,7,5,3600
35004,2,7,5,3600
35004,3,7,5,3600
35004,4,7,5,6000
35004,5,7,5,6000
35004,6,7,5,6000
35004,7,7,5,8400
35004,8,7,5,8400
35004,9,7,5,8400
35004,10,7,5,8400
35004,11,7,5,12000
35004,12,7,5,18000
35004,13,7,5,24000
35004,14,7,5,30000
35004,15,7,5,36000

// Flame Burst
35008,1,7,5,3600
35008,2,7,5,3600
35008,3,7,5,6000
35008,4,7,5,6000
35008,5,7,5,8400
35008,6,7,5,8400
35008,7,7,5,12000
35008,8,7,5,12000
35008,9,7,5,12000
35008,10,7,5,12000
35008,11,7,5,18000
35008,12,7,5,18000
35008,13,7,5,18000
35008,14,7,5,24000
35008,15,7,5,30000

// Wind Blast
35007,1,7,5,3000
35007,2,7,5,3000
35007,3,7,5,3000
35007,4,7,5,5000
35007,5,7,5,5000
35007,6,7,5,5000
35007,7,7,5,7000
35007,8,7,5,7000
35007,9,7,5,7000
35007,10,7,5,7000
35007,11,7,5,10000
35007,12,7,5,10000
35007,13,7,5,10000
35007,14,7,5,10000
35007,15,7,5,15000

// Sand Burst
35009,1,7,5,3000
35009,2,7,5,3000
35009,3,7,5,3000
35009,4,7,5,5000
35009,5,7,5,5000
35009,6,7,5,5000
35009,7,7,5,7000
35009,8,7,5,7000
35009,9,7,5,7000
35009,10,7,5,7000
35009,11,7,5,10000
35009,12,7,5,10000
35009,13,7,5,10000
35009,14,7,5,15000
35009,15,7,5,20000

// Life Drain
35002,1,7,5,3000
35002,2,7,5,5000
35002,3,7,5,6000
35002,4,7,5,8000
35002,5,7,5,10000
35002,6,7,5,12000
35002,7,7,5,13000
35002,8,7,5,15000
35002,9,7,5,18000
35002,10,7,5,24000
35002,11,7,5,32000
35002,12,7,5,36000
35002,13,7,5,41000
35002,14,7,5,45000
35002,15,7,5,60000

// Shock
35013,1,7,5,4000
35013,2,7,5,6000
35013,3,7,5,8000
35013,4,7,5,13000
35013,5,7,5,16000
35013,6,7,5,20000
35013,7,7,5,24000
35013,8,7,5,28000
35013,9,7,5,33000
35013,10,7,5,37000
35013,11,7,5,41000
35013,12,7,5,45000
35013,13,7,5,49000
35013,14,7,5,54000
35013,15,7,5,70000

// Frozen Blast
35011,1,7,5,4000
35011,2,7,5,7000
35011,3,7,5,10000
35011,4,7,5,12000
35011,5,7,5,15000
35011,6,7,5,18000
35011,7,7,5,20000
35011,8,7,5,23000
35011,9,7,5,25000
35011,10,7,5,28000
35011,11,7,5,30000
35011,12,7,5,32000
35011,13,7,5,35000
35011,14,7,5,40000
35011,15,7,5,48000

// Heat Buster
35014,1,7,5,8000
35014,2,7,5,10000
35014,3,7,5,12000
35014,4,7,5,14000
35014,5,7,5,16000
35014,6,7,5,18000
35014,7,7,5,21000
35014,8,7,5,24000
35014,9,7,5,27000
35014,10,7,5,30000
35014,11,7,5,34000
35014,12,7,5,38000
35014,13,7,5,42000
35014,14,7,5,46000
35014,15,7,5,50000

// Chain Cylinder
35015,1,7,5,3000
35015,2,7,5,4000
35015,3,7,5,5000
35015,4,7,5,6000
35015,5,7,5,7000
35015,6,7,5,8000
35015,7,7,5,9000
35015,8,7,5,10000
35015,9,7,5,11000
35015,10,7,5,12000
35015,11,7,5,13000
35015,12,7,5,15000
35015,13,7,5,17000
35015,14,7,5,20000
35015,15,7,5,25000

// Transmutation Mastery
35021,1,7,11,2400
35021,2,7,11,2400
35021,3,7,11,3600
35021,4,7,11,3600
35021,5,7,11,4800
35021,6,7,11,4800
35021,7,7,11,6000
35021,8,7,11,6000
35021,9,7,11,7200
35021,10,7,11,7200
35021,11,7,11,8400
35021,12,7,11,8400
35021,13,7,11,9600
35021,14,7,11,9600
35021,15,7,11,14400

// Fragmentation
10030,1,7,11,6000
10030,2,7,11,6000
10030,3,7,11,6000
10030,4,7,11,10000
10030,5,7,11,10000
10030,6,7,11,10000
10030,7,7,11,14000
10030,8,7,11,14000
10030,9,7,11,14000
10030,10,7,11,14000
10030,11,7,11,18000
10030,12,7,11,18000
10030,13,7,11,18000
10030,14,7,11,18000
10030,15,7,11,30000

// Synthesis
10031,1,7,11,6000
10031,2,7,11,6000
10031,3,7,11,6000
10031,4,7,11,6000
10031,5,7,11,6000
10031,6,7,11,6000
10031,7,7,11,10000
10031,8,7,11,10000
10031,9,7,11,10000
10031,10,7,11,10000
10031,11,7,11,14000
10031,12,7,11,14000
10031,13,7,11,14000
10031,14,7,11,14000
10031,15,7,11,20000

// Metal Conversion
35012,1,7,11,1500
35012,2,7,11,1500
35012,3,7,11,3000
35012,4,7,11,3000
35012,5,7,11,4500
35012,6,7,11,6000
35012,7,7,11,7500
35012,8,7,11,9000
35012,9,7,11,9000
35012,10,7,11,9000
35012,11,7,11,10500
35012,12,7,11,10500
35012,13,7,11,12000
35012,14,7,11,12000
35012,15,7,11,15000

// Summon Golem
50032,1,7,11,5000
50032,2,7,11,7500
50032,3,7,11,10000
50032,4,7,11,12500
50032,5,7,11,15000
50032,6,7,11,17500
50032,7,7,11,25000
50032,8,7,11,30000
50032,9,7,11,35000
50032,10,7,11,40000
50032,11,7,11,50000
50032,12,7,11,55000
50032,13,7,11,60000
50032,14,7,11,65000
50032,15,7,11,75000

// Barrier Spikes
35006,1,7,11,2400
35006,2,7,11,3600
35006,3,7,11,3600
35006,4,7,11,4800
35006,5,7,11,4800
35006,6,7,11,6000
35006,7,7,11,12000
35006,8,7,11,13200
35006,9,7,11,14400
35006,10,7,11,15600
35006,11,7,11,18000
35006,12,7,11,19200
35006,13,7,11,20400
35006,14,7,11,21600
35006,15,7,11,24000

// Rain Casting
35010,1,7,11,7500
35010,2,7,11,10500
35010,3,7,11,13500
35010,4,7,11,16500
35010,5,7,11,19500
35010,6,7,11,22500
35010,7,7,11,30000
35010,8,7,11,34500
35010,9,7,11,39000
35010,10,7,11,43500
35010,11,7,11,52500
35010,12,7,11,60000
35010,13,7,11,67500
35010,14,7,11,75000
35010,15,7,11,90000

// Mana Crystallization
35001,1,7,11,7500
35001,2,7,11,9000
35001,3,7,11,10500
35001,4,7,11,12000
35001,5,7,11,13500
35001,6,7,11,15000
35001,7,7,11,18000
35001,8,7,11,21000
35001,9,7,11,24000
35001,10,7,11,27000
35001,11,7,11,30000
35001,12,7,11,33000
35001,13,7,11,36000
35001,14,7,11,39000
35001,15,7,11,45000

// Alchemy Mastery
35003,1,7,5,1500,11,1500
35003,2,7,5,1500,11,1500
35003,3,7,5,1500,11,1500
35003,4,7,5,3000,11,3000
35003,5,7,5,3000,11,3000
35003,6,7,5,3000,11,3000
35003,7,7,5,4500,11,4500
35003,8,7,5,4500,11,4500
35003,9,7,5,4500,11,4500
35003,10,7,5,4500,11,4500
35003,11,7,5,6000,11,6000
35003,12,7,5,6000,11,6000
35003,13,7,5,6000,11,6000
35003,14,7,5,6000,11,6000
35003,15,7,5,7500,11,7500

// Water Alchemy
35017,1,7,5,2100,11,3000
35017,2,7,5,2100,11,3000
35017,3,7,5,2100,11,3000
35017,4,7,5,3500,11,5000
35017,5,7,5,3500,11,5000
35017,6,7,5,3500,11,5000
35017,7,7,5,4200,11,6000
35017,8,7,5,4900,11,7000
35017,9,7,5,5600,11,8000
35017,10,7,5,6300,11,9000
35017,11,7,5,7000,11,10000
35017,12,7,5,7700,11,11000
35017,13,7,5,8400,11,12000
35017,14,7,5,9100,11,13000
35017,15,7,5,10500,11,15000

// Wind Alchemy
35019,1,7,5,2100
35019,2,7,5,2100
35019,3,7,5,2100
35019,4,7,5,3500
35019,5,7,5,3500
35019,6,7,5,3500
35019,7,7,5,4200
35019,8,7,5,4900
35019,9,7,5,5600
35019,10,7,5,6300
35019,11,7,5,7000
35019,12,7,5,7700
35019,13,7,5,8400
35019,14,7,5,9100
35019,15,7,5,10500

// Fire Alchemy
35016,1,7,5,2100
35016,2,7,5,2100
35016,3,7,5,2100
35016,4,7,5,3500
35016,5,7,5,3500
35016,6,7,5,3500
35016,7,7,5,4200
35016,8,7,5,4900
35016,9,7,5,5600
35016,10,7,5,6300
35016,11,7,5,7000
35016,12,7,5,7700
35016,13,7,5,8400
35016,14,7,5,9100
35016,15,7,5,10500

// Clay Alchemy
35018,1,7,11,4500
35018,2,7,11,4500
35018,3,7,11,4500
35018,4,7,11,7500
35018,5,7,11,7500
35018,6,7,11,7500
35018,7,7,11,9000
35018,8,7,11,10500
35018,9,7,11,12000
35018,10,7,11,13500
35018,11,7,11,15000
35018,12,7,11,16500
35018,13,7,11,18000
35018,14,7,11,19500
35018,15,7,11,22500

// Knuckle Mastery
23063,1,7,6,1000
23063,2,7,6,1200
23063,3,7,6,2400
23063,4,7,6,3600
23063,5,7,6,4800
23063,6,7,6,6000
23063,7,7,6,9600
23063,8,7,6,12000
23063,9,7,6,13200
23063,10,7,6,14400
23063,11,7,6,18000
23063,12,7,6,20400
23063,13,7,6,22800
23063,14,7,6,24000
23063,15,7,6,36000

// Chain Mastery
24001,1,7,6,3600
24001,2,7,6,3600
24001,3,7,6,3600
24001,4,7,6,7200
24001,5,7,6,7200
24001,6,7,6,7200
24001,7,7,6,10800
24001,8,7,6,10800
24001,9,7,6,10800
24001,10,7,6,10800
24001,11,7,6,18000
24001,12,7,6,18000
24001,13,7,6,18000
24001,14,7,6,18000
24001,15,7,6,30000

// Respite
25000,1,7,6,3000
25000,2,7,6,5000
25000,3,7,6,7000
25000,4,7,6,9000
25000,5,7,6,11000
25000,6,7,6,13000
25000,7,7,6,15000
25000,8,7,6,17000
25000,9,7,6,19000
25000,10,7,6,21000
25000,11,7,6,25000
25000,12,7,6,30000
25000,13,7,6,35000
25000,14,7,6,40000
25000,15,7,6,45000

// Tumble
25001,1,7,6,1000
25001,2,7,6,2000
25001,3,7,6,4000
25001,4,7,6,6000
25001,5,7,6,8000
25001,6,7,6,10000
25001,7,7,6,11000
25001,8,7,6,12000
25001,9,7,6,13000
25001,10,7,6,14000
25001,11,7,6,17000
25001,12,7,6,18000
25001,13,7,6,19000
25001,14,7,6,20000
25001,15,7,6,21000

// Charging Strike
24101,1,7,6,1000
24101,2,7,6,1500
24101,3,7,6,3000
24101,4,7,6,4500
24101,5,7,6,4500
24101,6,7,6,4500
24101,7,7,6,7500
24101,8,7,6,9000
24101,9,7,6,10500
24101,10,7,6,12000
24101,11,7,6,13500
24101,12,7,6,15000
24101,13,7,6,22500
24101,14,7,6,30000
24101,15,7,6,45000

// Focused Fist
24102,1,7,6,1000
24102,2,7,6,1500
24102,3,7,6,3000
24102,4,7,6,4500
24102,5,7,6,4500
24102,6,7,6,4500
24102,7,7,6,7500
24102,8,7,6,9000
24102,9,7,6,10500
24102,10,7,6,12000
24102,11,7,6,13500
24102,12,7,6,15000
24102,13,7,6,22500
24102,14,7,6,30000
24102,15,7,6,45000

// Spinning Uppercut
24201,1,7,6,1000
24201,2,7,6,6000
24201,3,7,6,7500
24201,4,7,6,9000
24201,5,7,6,10500
24201,6,7,6,12000
24201,7,7,6,13500
24201,8,7,6,15000
24201,9,7,6,18000
24201,10,7,6,21000
24201,11,7,6,28500
24201,12,7,6,30000
24201,13,7,6,31500
24201,14,7,6,33000
24201,15,7,6,34500

// Somersault Kick
24202,1,7,6,1000
24202,2,7,6,6000
24202,3,7,6,7500
24202,4,7,6,9000
24202,5,7,6,10500
24202,6,7,6,12000
24202,7,7,6,13500
24202,8,7,6,15000
24202,9,7,6,18000
24202,10,7,6,21000
24202,11,7,6,28500
24202,12,7,6,30000
24202,13,7,6,31500
24202,14,7,6,33000
24202,15,7,6,34500

// Drop Kick
24301,1,7,6,7500
24301,2,7,6,9000
24301,3,7,6,10500
24301,4,7,6,12000
24301,5,7,6,13500
24301,6,7,6,15000
24301,7,7,6,19500
24301,8,7,6,24000
24301,9,7,6,28500
24301,10,7,6,33000
24301,11,7,6,37500
24301,12,7,6,42000
24301,13,7,6,46500
24301,14,7,6,51000
24301,15,7,6,55500

// Pummel
24302,1,7,6,7500
24302,2,7,6,9000
24302,3,7,6,10500
24302,4,7,6,12000
24302,5,7,6,13500
24302,6,7,6,15000
24302,7,7,6,19500
24302,8,7,6,24000
24302,9,7,6,28500
24302,10,7,6,33000
24302,11,7,6,37500
24302,12,7,6,42000
24302,13,7,6,46500
24302,14,7,6,51000
24302,15,7,6,55500

// Playing Instrument
10003,1,7,7,2000
10003,2,7,7,4000
10003,3,7,7,6000
10003,4,7,7,8000
10003,5,7,7,10000
10003,6,7,7,10000
10003,7,7,7,12000
10003,8,7,7,12000
10003,9,7,7,12000
10003,10,7,7,12000
10003,11,7,7,14000
10003,12,7,7,14000
10003,13,7,7,14000
10003,14,7,7,14000
10003,15,7,7,30000

// Musical Knowledge
10006,1,7,7,1500
10006,2,7,7,1500
10006,3,7,7,1500
10006,4,7,7,1500
10006,5,7,7,1500
10006,6,7,7,1500
10006,7,7,7,3000
10006,8,7,7,3000
10006,9,7,7,3000
10006,10,7,7,3000
10006,11,7,7,4500
10006,12,7,7,6000
10006,13,7,7,7500
10006,14,7,7,9000
10006,15,7,7,15000

// Composing
10005,1,7,7,3000
10005,2,7,7,3000
10005,3,7,7,3000
10005,4,7,7,3000
10005,5,7,7,3000
10005,6,7,7,3000
10005,7,7,7,5000
10005,8,7,7,5000
10005,9,7,7,5000
10005,10,7,7,5000
10005,11,7,7,7000
10005,12,7,7,7000
10005,13,7,7,7000
10005,14,7,7,7000
10005,15,7,7,10000

// Enthralling Performance
30015,1,7,7,5000
30015,2,7,7,7000
30015,3,7,7,9000
30015,4,7,7,11000
30015,5,7,7,13000
30015,6,7,7,15000
30015,7,7,7,17000
30015,8,7,7,18000
30015,9,7,7,19000
30015,10,7,7,20000
30015,11,7,7,25000
30015,12,7,7,30000
30015,13,7,7,35000
30015,14,7,7,38000
30015,15,7,7,40000

// Dischord
53001,1,7,7,1000
53001,2,7,7,1800
53001,3,7,7,1800
53001,4,7,7,3600
53001,5,7,7,5400
53001,6,7,7,7200
53001,7,7,7,9000
53001,8,7,7,10800
53001,9,7,7,14400
53001,10,7,7,18000
53001,11,7,7,21600
53001,12,7,7,25200
53001,13,7,7,28800
53001,14,7,7,32400
53001,15,7,7,36000

// Battlefield Overture
53101,1,7,7,1000
53101,2,7,7,1800
53101,3,7,7,3600
53101,4,7,7,5400
53101,5,7,7,5400
53101,6,7,7,7200
53101,7,7,7,9000
53101,8,7,7,12600
53101,9,7,7,16200
53101,10,7,7,19800
53101,11,7,7,23400
53101,12,7,7,27000
53101,13,7,7,30600
53101,14,7,7,34200
53101,15,7,7,37800

// Lullaby
53102,1,7,7,1000
53102,2,7,7,3600
53102,3,7,7,5400
53102,4,7,7,5400
53102,5,7,7,7200
53102,6,7,7,9000
53102,7,7,7,12600
53102,8,7,7,16200
53102,9,7,7,19800
53102,10,7,7,23400
53102,11,7,7,27000
53102,12,7,7,30600
53102,13,7,7,34200
53102,14,7,7,37800
53102,15,7,7,41400

// Vivace
53103,1,7,7,3600
53103,2,7,7,5400
53103,3,7,7,7200
53103,4,7,7,9000
53103,5,7,7,10800
53103,6,7,7,12600
53103,7,7,7,16200
53103,8,7,7,19800
53103,9,7,7,23400
53103,10,7,7,27000
53103,11,7,7,30600
53103,12,7,7,34200
53103,13,7,7,37800
53103,14,7,7,41400
53103,15,7,7,45000

// Enduring Melody
53104,1,7,7,3600
53104,2,7,7,3600
53104,3,7,7,5400
53104,4,7,7,5400
53104,5,7,7,7200
53104,6,7,7,9000
53104,7,7,7,12600
53104,8,7,7,16200
53104,9,7,7,19800
53104,10,7,7,23400
53104,11,7,7,27000
53104,12,7,7,30600
53104,13,7,7,34200
53104,14,7,7,37800
53104,15,7,7,41400

// Harvest Song
53105,1,7,7,3600
53105,2,7,7,3600
53105,3,7,7,5400
53105,4,7,7,5400
53105,5,7,7,7200
53105,6,7,7,9000
53105,7,7,7,12600
53105,8,7,7,16200
53105,9,7,7,19800
53105,10,7,7,23400
53105,11,7,7,27000
53105,12,7,7,30600
53105,13,7,7,34200
53105,14,7,7,37800
53105,15,7,7,41400

// March Song
53106,1,7,7,5400
53106,2,7,7,5400
53106,3,7,7,5400
53106,4,7,7,7200
53106,5,7,7,9000
53106,6,7,7,12600
53106,7,7,7,18000
53106,8,7,7,19800
53106,9,7,7,21600
53106,10,7,7,23400
53106,11,7,7,25200
53106,12,7,7,27000
53106,13,7,7,30600
53106,14,7,7,32400
53106,15,7,7,36000

// Cooking
10020,1,7,12,7000
10020,2,7,12,15000
10020,3,7,12,20000
10020,4,7,12,40000
10020,5,7,12,60000
10020,6,7,12,80000
10020,7,7,12,100000
10020,8,7,12,120000
10020,9,7,12,140000
10020,10,7,12,160000
10020,11,7,12,180000

// Milking
55005,1,7,12,6800
55005,2,7,12,6800
55005,3,7,12,10200
55005,4,7,12,10200
55005,5,7,12,13600
55005,6,7,12,13600
55005,7,7,12,17000
55005,8,7,12,17000
55005,9,7,12,20400
55005,10,7,12,20400
55005,11,7,12,23800
55005,12,7,12,23800
55005,13,7,12,27200
55005,14,7,12,27200
55005,15,7,12,40800

// Egg Gathering
55003,1,7,12,6800
55003,2,7,12,6800
55003,3,7,12,10200
55003,4,7,12,10200
55003,5,7,12,13600
55003,6,7,12,13600
55003,7,7,12,17000
55003,8,7,12,17000
55003,9,7,12,20400
55003,10,7,12,20400
55003,11,7,12,23800
55003,12,7,12,23800
55003,13,7,12,27200
55003,14,7,12,27200
55003,15,7,12,40800

// Mushroom Gathering
55004,1,7,12,6800
55004,2,7,12,6800
55004,3,7,12,10200
55004,4,7,12,10200
55004,5,7,12,13600
55004,6,7,12,13600
55004,7,7,12,17000
55004,8,7,12,17000
55004,9,7,12,20400
55004,10,7,12,20400
55004,11,7,12,23800
55004,12,7,12,23800
55004,13,7,12,27200
55004,14,7,12,27200
55004,15,7,12,40800

// Harvesting
55006,1,7,12,6800
55006,2,7,12,6800
55006,3,7,12,10200
55006,4,7,12,10200
55006,5,7,12,13600
55006,6,7,12,13600
55006,7,7,12,17000
55006,8,7,12,17000
55006,9,7,12,20400
55006,10,7,12,20400
55006,11,7,12,23800
55006,12,7,12,23800
55006,13,7,12,27200
55006,14,7,12,27200
55006,15,7,12,40800

// Hoeing
55007,1,7,12,6800
55007,2,7,12,6800
55007,3,7,12,10200
55007,4,7,12,10200
55007,5,7,12,13600
55007,6,7,12,13600
55007,7,7,12,17000
55007,8,7,12,17000
55007,9,7,12,20400
55007,10,7,12,20400
55007,11,7,12,23800
55007,12,7,12,23800
55007,13,7,12,27200
55007,14,7,12,27200
55007,15,7,12,40800

// Wine Making
10037,1,7,12,3400
10037,2,7,12,3400
10037,3,7,12,6800
10037,4,7,12,3400
10037,5,7,12,3400
10037,6,7,12,6800
10037,7,7,12,10200
10037,8,7,12,10200
10037,9,7,12,13600
10037,10,7,12,13600
10037,11,7,12,13600
10037,12,7,12,17000
10037,13,7,12,17000
10037,14,7,12,20400
10037,15,7,12,27200

// Mining
55002,1,7,13,15400
55002,2,7,13,15400
55002,3,7,13,23100
55002,4,7,13,23100
55002,5,7,13,30800
55002,6,7,13,30800
55002,7,7,13,38500
55002,8,7,13,38500
55002,9,7,13,46200
55002,10,7,13,46200
55002,11,7,13,53900
55002,12,7,13,53900
55002,13,7,13,61600
55002,14,7,13,61600
55002,15,7,13,92400

// Metallurgy
10028,1,7,13,23100
10028,2,7,13,23100
10028,3,7,13,30800
10028,4,7,13,30800
10028,5,7,13,38500
10028,6,7,13,38500
10028,7,7,13,53900
10028,8,7,13,53900
10028,9,7,13,53900
10028,10,7,13,53900
10028,11,7,13,69300
10028,12,7,13,69300
10028,13,7,13,69300
10028,14,7,13,69300
10028,15,7,13,92400

// Refining
10015,1,7,13,7700
10015,2,7,13,15400
10015,3,7,13,15400
10015,4,7,13,15400
10015,5,7,13,15400
10015,6,7,13,15400
10015,7,7,13,38500
10015,8,7,13,23100
10015,9,7,13,23100
10015,10,7,13,23100
10015,11,7,13,38500
10015,12,7,13,23100
10015,13,7,13,23100
10015,14,7,13,53900
10015,15,7,13,77000

// Blacksmithing
10016,1,7,13,18000
10016,2,7,13,18000
10016,3,7,13,36000
10016,4,7,13,18000
10016,5,7,13,18000
10016,6,7,13,54000
10016,7,7,13,27000
10016,8,7,13,27000
10016,9,7,13,27000
10016,10,7,13,54000
10016,11,7,13,36000
10016,12,7,13,36000
10016,13,7,13,45000
10016,14,7,13,54000
10016,15,7,13,90000

// Sheep Shearing
55001,1,7,14,22000
55001,2,7,14,22000
55001,3,7,14,33000
55001,4,7,14,33000
55001,5,7,14,44000
55001,6,7,14,44000
55001,7,7,14,55000
55001,8,7,14,55000
55001,9,7,14,66000
55001,10,7,14,66000
55001,11,7,14,77000
55001,12,7,14,77000
55001,13,7,14,88000
55001,14,7,14,88000
55001,15,7,14,132000

// Weaving
10011,1,7,14,11000
10011,2,7,14,11000
10011,3,7,14,11000
10011,4,7,14,11000
10011,5,7,14,11000
10011,6,7,14,11000
10011,7,7,14,55000
10011,8,7,14,22000
10011,9,7,14,22000
10011,10,7,14,22000
10011,11,7,14,55000
10011,12,7,14,33000
10011,13,7,14,33000
10011,14,7,14,33000
10011,15,7,14,110000

// Tailoring
10001,1,7,14,39000
10001,2,7,14,39000
10001,3,7,14,39000
10001,4,7,14,39000
10001,5,7,14,39000
10001,6,7,14,39000
10001,7,7,14,65000
10001,8,7,14,65000
10001,9,7,14,65000
10001,10,7,14,39000
10001,11,7,14,91000
10001,12,7,14,91000
10001,13,7,14,91000
10001,14,7,14,91000
10001,15,7,14,130000

// Herbalism
10021,1,7,15,85000
10021,2,7,15,85000
10021,3,7,15,85000
10021,4,7,15,102000
10021,5,7,15,102000
10021,6,7,15,102000
10021,7,7,15,119000
10021,8,7,15,119000
10021,9,7,15,119000
10021,10,7,15,136000
10021,11,7,15,136000
10021,12,7,15,136000
10021,13,7,15,153000
10021,14,7,15,153000
10021,15,7,15,170000

// Potion Making
10022,1,7,15,17000
10022,2,7,15,17000
10022,3,7,15,17000
10022,4,7,15,17000
10022,5,7,15,17000
10022,6,7,15,17000
10022,7,7,15,34000
10022,8,7,15,34000
10022,9,7,15,34000
10022,10,7,15,34000
10022,11,7,15,51000
10022,12,7,15,51000
10022,13,7,15,51000
10022,14,7,15,51000
10022,15,7,15,51000

// Gold Strike
23106,1,7,4,7000
23106,2,7,4,10500
23106,3,7,4,14000
23106,4,7,4,17500
23106,5,7,4,21000
23106,6,7,4,24500
23106,7,7,4,35000
23106,8,7,4,45500
23106,9,7,4,56000
23106,10,7,4,70000
23106,11,7,4,105000
23106,12,7,4,140000
23106,13,7,4,175000
23106,14,7,4,210000
23106,15,7,4,245000

// Commerce Mastery
55100,1,7,4,8000
55100,2,7,4,12000
55100,3,7,4,16000
55100,4,7,4,20000
55100,5,7,4,24000
55100,6,7,4,28000
55100,7,7,4,40000
55100,8,7,4,52000
55100,9,7,4,64000
55100,10,7,4,80000
55100,11,7,4,120000
55100,12,7,4,160000
55100,13,7,4,200000
55100,14,7,4,240000
55100,15,7,4,280000

// Carpentry
10033,1,7,16,65000
10033,2,7,16,65000
10033,3,7,16,65000
10033,4,7,16,91000
10033,5,7,16,91000
10033,6,7,16,91000
10033,7,7,16,130000
10033,8,7,16,130000
10033,9,7,16,130000
10033,10,7,16,130000
10033,11,7,16,143000
10033,12,7,16,156000
10033,13,7,16,169000
10033,14,7,16,182000
10033,15,7,16,260000

// Handicraft
10013,1,7,16,10000
10013,2,7,16,10000
10013,3,7,16,10000
10013,4,7,16,10000
10013,5,7,16,10000
10013,6,7,16,10000
10013,7,7,16,50000
10013,8,7,16,20000
10013,9,7,16,20000
10013,10,7,16,20000
10013,11,7,16,50000
10013,12,7,16,30000
10013,13,7,16,30000
10013,14,7,16,30000
10013,15,7,16,100000

// Campfire
10008,1,7,0,10000
10008,2,7,0,20000
10008,3,7,0,30000
10008,4,7,0,40000
10008,5,7,0,50000
10008,6,7,0,60000
10008,7,7,0,70000
10008,8,7,0,80000

// Fishing
10023,1,7,0,9000
10023,2,7,0,9000
10023,3,7,0,18000
10023,4,7,0,9000
10023,5,7,0,18000
10023,6,7,0,18000
10023,7,7,0,27000
10023,8,7,0,45000
10023,9,7,0,45000
10023,10,7,0,72000
10023,11,7,0,90000
10023,12,7,0,135000
10023,13,7,0,180000
10023,14,7,0,225000
10023,15,7,0,270000

// Taming Wild Animals
10026,1,7,0,5000
10026,2,7,0,5000
10026,3,7,0,5000
10026,4,7,0,10000
10026,5,7,0,10000
10026,6,7,0,15000
10026,7,7,0,25000
10026,8,7,0,20000
10026,9,7,0,20000
10026,10,7,0,25000
10026,11,7,0,30000
10026,12,7,0,35000
10026,13,7,0,40000
10026,14,7,0,45000
10026,15,7,0,50000

// Rest
10004,1,7,0,8000
10004,2,7,0,30000
10004,3,7,0,60000
10004,4,7,0,70000
10004,5,7,0,85000
10004,6,7,0,80000
10004,7,7,0,90000
10004,8,7,0,100000
10004,9,7,0,110000

// Production Mastery
10024,1,7,12,200,13,200,14,200,15,200,16,200
10024,2,7,12,300,13,300,14,300,15,300,16,300
10024,3,7,12,300,13,400,14,400,15,400,16,400
10024,4,7,12,600,13,500,14,500,15,500,16,500
10024,5,7,12,600,13,1000,14,1000,15,1000,16,1000
10024,6,7,12,600,13,4000,14,6000,15,6000,16,6000
10024,7,7,12,1500,13,10100,14,15100,15,15100,16,15100
10024,8,7,12,1500,13,11700,14,16000,15,16000,16,16000
10024,9,7,12,1500,13,12600,14,16700,15,16700,16,16700
10024,10,7,12,1500,13,13500,14,17600,15,17600,16,17600
10024,11,7,12,2100,13,14000,14,21000,15,21000,16,21000
10024,12,7,12,2100,13,14000,14,22500,15,22500,16,22500
10024,13,7,12,2100,13,14000,14,24000,15,24000,16,24000
10024,14,7,12,2100,13,16000,14,27000,15,27000,16,27000
10024,15,7,12,3100,13,21700,14,32700,15,32700,16,32700

// Critical Hit
23003,1,1,1,900,3,1500,9,300
23003,2,1,1,900,3,1500,9,300
23003,3,1,1,900,3,1500,9,300
23003,4,1,1,900,3,1500,9,300
23003,5,1,1,1200,3,2000,9,400
23003,6,1,1,1500,3,2500,9,500
23003,7,1,1,1800,3,3000,9,600
23003,8,1,1,2100,3,3500,9,700
23003,9,1,1,2400,3,4000,9,800
23003,10,1,1,3000,3,5000,9,1000
23003,11,1,1,3600,3,6000,9,1200
23003,12,1,1,4200,3,7000,9,1400
23003,13,1,1,4800,3,8000,9,1600
23003,14,1,1,5400,3,9000,9,1800
23003,15,1,1,6000,3,10000,9,2000
23003,1,2,1,300,3,1500
23003,2,2,1,300,3,1500
23003,3,2,1,300,3,1500
23003,4,2,1,300,3,1500
23003,5,2,1,400,3,2000
23003,6,2,1,500,3,2500
23003,7,2,1,600,3,3000
23003,8,2,1,700,3,3500
23003,9,2,1,800,3,4000
23003,10,2,1,1000,3,5000
23003,11,2,1,1200,3,6000
23003,12,2,1,1400,3,7000
23003,13,2,1,1600,3,8000
23003,14,2,1,1800,3,9000
23003,15,2,1,2000,3,10000
23003,1,4,1,900,9,300
23003,2,4,1,900,9,300
23003,3,4,1,900,9,300
23003,4,4,1,900,9,300
23003,5,4,1,1200,9,400
23003,6,4,1,1500,9,500
23003,7,4,1,1800,9,600
23003,8,4,1,2100,9,700
23003,9,4,1,2400,9,800
23003,10,4,1,3000,9,1000
23003,11,4,1,3600,9,1200
23003,12,4,1,4200,9,1400
23003,13,4,1,4800,9,1600
23003,14,4,1,5400,9,1800
23003,15,4,1,6000,9,2000

// Control Marionette
54001,1,7,8,1500
54001,2,7,8,6000
54001,3,7,8,7000
54001,4,7,8,8500
54001,5,7,8,9500
54001,6,7,8,10500
54001,7,7,8,10500
54001,8,7,8,13000
54001,9,7,8,14000
54001,10,7,8,16000
54001,11,7,8,18000
54001,12,7,8,21000
54001,13,7,8,23000
54001,14,7,8,25000
54001,15,7,8,26000

// Pierrot Marionette
54081,1,7,8,1000
54081,2,7,8,1500
54081,3,7,8,2500
54081,4,7,8,4000
54081,5,7,8,5000
54081,6,7,8,6000
54081,7,7,8,6500
54081,8,7,8,9000
54081,9,7,8,10000
54081,10,7,8,12000
54081,11,7,8,14000
54081,12,7,8,17000
54081,13,7,8,19000
54081,14,7,8,21000
54081,15,7,8,22000

// Colossus Marionette
54082,1,7,8,1000
54082,2,7,8,1500
54082,3,7,8,2500
54082,4,7,8,4000
54082,5,7,8,5000
54082,6,7,8,6000
54082,7,7,8,6500
54082,8,7,8,9000
54082,9,7,8,10000
54082,10,7,8,12000
54082,11,7,8,14000
54082,12,7,8,17000
54082,13,7,8,19000
54082,14,7,8,21000
54082,15,7,8,22000

// Act 2: Threshold Cutter
54101,1,7,8,1000
54101,2,7,8,1500
54101,3,7,8,2500
54101,4,7,8,4000
54101,5,7,8,4000
54101,6,7,8,6000
54101,7,7,8,7000
54101,8,7,8,10000
54101,9,7,8,11000
54101,10,7,8,14000
54101,11,7,8,17000
54101,12,7,8,23000
54101,13,7,8,26000
54101,14,7,8,30000
54101,15,7,8,33000

// Act 1: Inciting Incident
54102,1,7,8,1000
54102,2,7,8,1500
54102,3,7,8,2500
54102,4,7,8,4000
54102,5,7,8,4000
54102,6,7,8,5000
54102,7,7,8,6000
54102,8,7,8,8000
54102,9,7,8,10000
54102,10,7,8,13000
54102,11,7,8,15000
54102,12,7,8,19000
54102,13,7,8,22000
54102,14,7,8,24000
54102,15,7,8,25000

// Act 4: Rising Action
54103,1,7,8,1500
54103,2,7,8,2000
54103,3,7,8,3000
54103,4,7,8,5000
54103,5,7,8,5000
54103,6,7,8,7000
54103,7,7,8,8000
54103,8,7,8,11000
54103,9,7,8,12000
54103,10,7,8,15000
54103,11,7,8,18000
54103,12,7,8,24000
54103,13,7,8,27000
54103,14,7,8,30000
54103,15,7,8,33000

// Act 6: Crisis
54104,1,7,8,2000
54104,2,7,8,6000
54104,3,7,8,7000
54104,4,7,8,9000
54104,5,7,8,11000
54104,6,7,8,13000
54104,7,7,8,14000
54104,8,7,8,19000
54104,9,7,8,23000
54104,10,7,8,28000
54104,11,7,8,33000
54104,12,7,8,39000
54104,13,7,8,44000
54104,14,7,8,46000
54104,15,7,8,48000

// Act 7: Climactic Crash
54105,1,7,8,3000
54105,2,7,8,7000
54105,3,7,8,8000
54105,4,7,8,10000
54105,5,7,8,12000
54105,6,7,8,14000
54105,7,7,8,15000
54105,8,7,8,20000
54105,9,7,8,24000
54105,10,7,8,29000
54105,11,7,8,34000
54105,12,7,8,40000
54105,13,7,8,45000
54105,14,7,8,49000
54105,15,7,8,50000

// Act 9: Invigorating Encore
54106,1,7,8,3000
54106,2,7,8,7000
54106,3,7,8,8000
54106,4,7,8,10000
54106,5,7,8,12000
54106,6,7,8,14000
54106,7,7,8,15000
54106,8,7,8,20000
54106,9,7,8,24000
54106,10,7,8,29000
54106,11,7,8,34000
54106,12,7,8,40000
54106,13,7,8,45000
54106,14,7,8,49000
54106,15,7,8,50000

// Wire Pull
54201,1,7,8,1000
54201,2,7,8,1500
54201,3,7,8,2500
54201,4,7,8,4000
54201,5,7,8,4000
54201,6,7,8,6000
54201,7,7,8,7000
54201,8,7,8,9000
54201,9,7,8,10000
54201,10,7,8,13000
54201,11,7,8,15000
54201,12,7,8,22000
54201,13,7,8,25000
54201,14,7,8,29000
54201,15,7,8,31000

// Puppet's Snare
54202,1,7,8,1000
54202,2,7,8,1500
54202,3,7,8,2500
54202,4,7,8,4000
54202,5,7,8,4000
54202,6,7,8,6000
54202,7,7,8,7000
54202,8,7,8,9000
54202,9,7,8,10000
54202,10,7,8,13000
54202,11,7,8,15000
54202,12,7,8,22000
54202,13,7,8,25000
54202,14,7,8,29000
54202,15,7,8,31000

// Transformation Mastery
56001,1,7,0,10000
56001,2,7,0,10000
56001,3,7,0,10000
56001,4,7,0,15000
56001,5,7,0,15000
56001,6,7,0,20000
56001,7,7,0,30000
56001,8,7,0,25000
56001,9,7,0,25000
56001,10,7,0,30000
56001,11,7,0,35000
56001,12,7,0,40000
56001,13,7,0,45000
56001,14,7,0,50000
56001,15,7,0,55000