// Aura
// Database file
// 
// Structure:
// TalentId  Rank  Race  [StatId  Bonus ...]
//---------------------------------------------------------------------------

// Adventure
0,1,7,51,1
0,2,7,51,2
0,3,7,51,3
0,4,7,51,4
0,5,7,51,5
0,6,7,51,6
0,7,7,51,7
0,8,7,51,8
0,9,7,51,9
0,10,7,51,10
0,11,7,51,12
0,12,7,51,14
0,13,7,51,16
0,14,7,51,18
0,15,7,51,20
0,16,7,45,5,47,5,51,25,49,5,53,5,28,5

// Warrior
// Human
1,1,1,45,4,28,1
1,2,1,45,8,28,2
1,3,1,45,12,28,3
1,4,1,45,16,28,4
1,5,1,45,20,28,5
1,6,1,45,24,28,7
1,7,1,45,28,28,9
1,8,1,45,32,28,11
1,9,1,45,36,28,13
1,10,1,45,40,28,15
1,11,1,45,44,28,17
1,12,1,45,48,28,19
1,13,1,45,52,28,21
1,14,1,45,56,28,23
1,15,1,45,60,28,25
1,16,1,45,90,28,30
// Elf
1,1,2,45,4,28,1
1,2,2,45,8,28,2
1,3,2,45,12,28,3
1,4,2,45,16,28,4
1,5,2,45,20,28,5
1,6,2,45,24,28,7
1,7,2,45,28,28,9
1,8,2,45,32,28,11
1,9,2,45,36,28,13
1,10,2,45,40,28,15
1,11,2,45,44,28,17
1,12,2,45,48,28,19
1,13,2,45,52,28,21
1,14,2,45,56,28,23
1,15,2,45,60,28,25
1,16,2,45,90,28,30
// Giant
1,1,4,45,5,28,1
1,2,4,45,10,28,2
1,3,4,45,15,28,3
1,4,4,45,20,28,4
1,5,4,45,25,28,5
1,6,4,45,30,28,7
1,7,4,45,35,28,9
1,8,4,45,40,28,11
1,9,4,45,45,28,13
1,10,4,45,50,28,15
1,11,4,45,55,28,17
1,12,4,45,60,28,19
1,13,4,45,65,28,21
1,14,4,45,70,28,23
1,15,4,45,75,28,25
1,16,4,45,115,28,30

// Mage
// Human
2,1,1,49,5,31,1
2,2,1,49,10,31,2
2,3,1,49,15,31,3
2,4,1,49,20,31,4
2,5,1,49,25,31,5
2,6,1,49,30,31,6
2,7,1,49,35,31,7
2,8,1,49,40,31,8
2,9,1,49,45,31,9
2,10,1,49,50,31,10
2,11,1,49,55,31,11
2,12,1,49,60,31,12
2,13,1,49,65,31,13
2,14,1,49,70,31,14
2,15,1,49,75,31,15
2,16,1,49,100,31,20
// Elf
2,1,2,49,5,31,1
2,2,2,49,10,31,2
2,3,2,49,15,31,3
2,4,2,49,20,31,4
2,5,2,49,25,31,5
2,6,2,49,30,31,6
2,7,2,49,35,31,7
2,8,2,49,40,31,8
2,9,2,49,45,31,9
2,10,2,49,50,31,10
2,11,2,49,55,31,11
2,12,2,49,60,31,12
2,13,2,49,65,31,13
2,14,2,49,70,31,14
2,15,2,49,75,31,15
2,16,2,49,105,31,20
// Giant
2,1,4,49,5,31,1
2,2,4,49,10,31,2
2,3,4,49,15,31,3
2,4,4,49,20,31,4
2,5,4,49,25,31,5
2,6,4,49,30,31,6
2,7,4,49,35,31,7
2,8,4,49,40,31,8
2,9,4,49,45,31,9
2,10,4,49,50,31,10
2,11,4,49,55,31,11
2,12,4,49,60,31,12
2,13,4,49,65,31,13
2,14,4,49,70,31,14
2,15,4,49,75,31,15
2,16,4,49,100,31,20

// Archer
// Human
3,1,1,47,5
3,2,1,47,10
3,3,1,47,15
3,4,1,47,20
3,5,1,47,25
3,6,1,47,30
3,7,1,47,35
3,8,1,47,40
3,9,1,47,45
3,10,1,47,50
3,11,1,47,55
3,12,1,47,60
3,13,1,47,65
3,14,1,47,70
3,15,1,47,75
3,16,1,47,105
// Elf
3,1,2,47,6
3,2,2,47,12
3,3,2,47,18
3,4,2,47,24
3,5,2,47,30
3,6,2,47,36
3,7,2,47,42
3,8,2,47,48
3,9,2,47,54
3,10,2,47,60
3,11,2,47,66
3,12,2,47,72
3,13,2,47,78
3,14,2,47,84
3,15,2,47,90
3,16,2,47,125

// Merchant
4,1,7,53,1,28,2,51,1
4,2,7,53,2,28,4,51,2
4,3,7,53,3,28,6,51,3
4,4,7,53,4,28,8,51,4
4,5,7,53,5,28,10,51,5
4,6,7,53,6,28,12,51,6
4,7,7,53,7,28,14,51,7
4,8,7,53,8,28,16,51,8
4,9,7,53,9,28,18,51,9
4,10,7,53,10,28,20,51,10
4,11,7,53,11,28,22,51,11
4,12,7,53,12,28,24,51,12
4,13,7,53,13,28,26,51,13
4,14,7,53,14,28,28,51,14
4,15,7,53,15,28,30,51,15
4,16,7,53,40,28,30,51,25

// Battle Alch
// 5,1,7,alchemy_water,1
// 5,2,7,alchemy_water,2
// 5,3,7,alchemy_water,3
// 5,4,7,alchemy_water,4
// 5,5,7,alchemy_water,5
// 5,6,7,alchemy_water,6,alchemy_fire,1
// 5,7,7,alchemy_water,7,alchemy_fire,2
// 5,8,7,alchemy_water,8,alchemy_fire,3
// 5,9,7,alchemy_water,9,alchemy_fire,4
// 5,10,7,alchemy_water,10,alchemy_fire,5
// 5,11,7,alchemy_water,11,alchemy_fire,6
// 5,12,7,alchemy_water,12,alchemy_fire,7
// 5,13,7,alchemy_water,13,alchemy_fire,8
// 5,14,7,alchemy_water,14,alchemy_fire,9
// 5,15,7,alchemy_water,15,alchemy_fire,10
// 5,16,7,alchemy_water,20,alchemy_fire,11,frozen_blast_duraion,3000,frozen_blast_degree,10

// Fighter
6,1,7,51,5,28,1
6,2,7,51,10,28,2
6,3,7,51,15,28,3
6,4,7,51,20,28,4
6,5,7,51,25,28,5
6,6,7,51,30,28,6
6,7,7,51,35,28,7
6,8,7,51,40,28,8
6,9,7,51,45,28,9
6,10,7,51,50,28,10
6,11,7,51,55,28,11
6,12,7,51,60,28,12
6,13,7,51,65,28,13
6,14,7,51,70,28,14
6,15,7,51,75,28,15
6,16,7,51,110,28,20

// Bard
7,1,7,45,1,28,1 //,musicbuff_duration,2
7,2,7,45,2,28,2 //,musicbuff_duration,4
7,3,7,45,3,28,3 //,musicbuff_duration,6
7,4,7,45,4,28,4 //,musicbuff_duration,8
7,5,7,45,5,28,5 //,musicbuff_duration,10
7,6,7,45,6,28,6 //,musicbuff_duration,12
7,7,7,45,7,28,7 //,musicbuff_duration,14
7,8,7,45,8,28,8 //,musicbuff_duration,16
7,9,7,45,9,28,9 //,musicbuff_duration,18
7,10,7,45,10,28,10 //,musicbuff_duration,20
7,11,7,45,11,28,11 //,musicbuff_duration,22
7,12,7,45,12,28,12 //,musicbuff_duration,24
7,13,7,45,13,28,13 //,musicbuff_duration,26
7,14,7,45,14,28,14 //,musicbuff_duration,28
7,15,7,45,15,28,15 //,musicbuff_duration,30
7,16,7,45,15,28,15 //,musicbuff_duration,50,musicbuff_bonus,5

// Puppetry
8,1,7,47,1,45,1 //,marionette_life,25,marionette_defense,1
8,2,7,47,2,45,2 //,marionette_life,40,marionette_defense,1
8,3,7,47,3,45,3 //,marionette_life,55,marionette_defense,1
8,4,7,47,4,45,4 //,marionette_life,70,marionette_defense,1
8,5,7,47,5,45,5 //,marionette_life,85,marionette_defense,1
8,6,7,47,6,45,6 //,marionette_life,100,marionette_defense,2
8,7,7,47,7,45,7 //,marionette_life,115,marionette_defense,2
8,8,7,47,8,45,8 //,marionette_life,130,marionette_defense,2
8,9,7,47,9,45,9 //,marionette_life,145,marionette_defense,2
8,10,7,47,10,45,10 //,marionette_life,160,marionette_defense,2
8,11,7,47,11,45,11 //,marionette_life,175,marionette_defense,3
8,12,7,47,12,45,12 //,marionette_life,190,marionette_defense,3
8,13,7,47,13,45,13 //,marionette_life,205,marionette_defense,3
8,14,7,47,14,45,14 //,marionette_life,220,marionette_defense,3
8,15,7,47,15,45,15 //,marionette_life,235,marionette_defense,3
8,16,7,47,25,45,25 //,marionette_life,300,marionette_defense,4

// Knight
// Human
9,1,1,45,3,28,1
9,2,1,45,6,28,2
9,3,1,45,9,28,3
9,4,1,45,12,28,4
9,5,1,45,15,28,5
9,6,1,45,18,28,6
9,7,1,45,21,28,7
9,8,1,45,25,28,8
9,9,1,45,29,28,9
9,10,1,45,33,28,10
9,11,1,45,37,28,12
9,12,1,45,41,28,14
9,13,1,45,45,28,16
9,14,1,45,49,28,18
9,15,1,45,53,28,20
9,16,1,45,65,28,50
// Giant
9,1,4,45,3,28,1
9,2,4,45,6,28,2
9,3,4,45,9,28,3
9,4,4,45,12,28,4
9,5,4,45,15,28,5
9,6,4,45,18,28,6
9,7,4,45,21,28,7
9,8,4,45,25,28,8
9,9,4,45,29,28,9
9,10,4,45,33,28,10
9,11,4,45,37,28,12
9,12,4,45,41,28,14
9,13,4,45,45,28,16
9,14,4,45,49,28,18
9,15,4,45,53,28,20
9,16,4,45,65,28,60

// Holy Arts
10,1,7,49,3,31,3
10,2,7,49,6,31,6
10,3,7,49,9,31,9
10,4,7,49,12,31,12
10,5,7,49,15,31,15
10,6,7,49,18,31,18
10,7,7,49,21,31,21
10,8,7,49,24,31,24
10,9,7,49,27,31,27
10,10,7,49,30,31,30
10,11,7,49,34,31,33
10,12,7,49,38,31,36
10,13,7,49,42,31,39
10,14,7,49,46,31,42
10,15,7,49,50,31,45
10,16,7,49,60,31,75

// Transmutation
// 11,1,7,synthesis,1
// 11,2,7,synthesis,1,dissolution,1
// 11,3,7,synthesis,1,dissolution,1,crystal_making,1
// 11,4,7,synthesis,2,dissolution,1,crystal_making,1,mana_saving,1
// 11,5,7,synthesis,2,dissolution,2,crystal_making,1,mana_saving,1
// 11,6,7,synthesis,2,dissolution,2,crystal_making,2,mana_saving,1
// 11,7,7,synthesis,3,dissolution,2,crystal_making,2,mana_saving,1
// 11,8,7,synthesis,3,dissolution,3,crystal_making,2,mana_saving,2
// 11,9,7,synthesis,3,dissolution,3,crystal_making,3,mana_saving,2
// 11,10,7,synthesis,4,dissolution,3,crystal_making,3,mana_saving,2
// 11,11,7,synthesis,4,dissolution,4,crystal_making,3,mana_saving,2
// 11,12,7,synthesis,4,dissolution,4,crystal_making,4,mana_saving,3
// 11,13,7,synthesis,5,dissolution,4,crystal_making,4,mana_saving,3
// 11,14,7,synthesis,5,dissolution,5,crystal_making,4,mana_saving,3
// 11,15,7,synthesis,5,dissolution,5,crystal_making,5,mana_saving,4
// 11,16,7,synthesis,6,dissolution,6,crystal_making,6,mana_saving,5

// Cooking
12,1,7,47,1,34,1
12,2,7,47,2,34,2
12,3,7,47,3,34,3
12,4,7,47,4,34,4
12,5,7,47,5,34,5
12,6,7,47,6,34,6
12,7,7,47,7,34,7
12,8,7,47,8,34,8
12,9,7,47,9,34,9
12,10,7,47,10,34,10
12,11,7,47,11,34,11
12,12,7,47,12,34,12
12,13,7,47,13,34,13
12,14,7,47,14,34,14
12,15,7,47,15,34,15
12,16,7,47,20,34,45

// Blacksmith
13,1,7,47,1,34,1
13,2,7,47,2,34,2
13,3,7,47,3,34,3
13,4,7,47,4,34,4
13,5,7,47,5,34,5
13,6,7,47,6,34,6
13,7,7,47,7,34,7
13,8,7,47,8,34,8
13,9,7,47,9,34,9
13,10,7,47,10,34,10
13,11,7,47,11,34,11
13,12,7,47,12,34,12
13,13,7,47,13,34,13
13,14,7,47,14,34,14
13,15,7,47,15,34,15
13,16,7,47,20,34,45

// Tailoring
14,1,7,47,1,34,1
14,2,7,47,2,34,2
14,3,7,47,3,34,3
14,4,7,47,4,34,4
14,5,7,47,5,34,5
14,6,7,47,6,34,6
14,7,7,47,7,34,7
14,8,7,47,8,34,8
14,9,7,47,9,34,9
14,10,7,47,10,34,10
14,11,7,47,11,34,11
14,12,7,47,12,34,12
14,13,7,47,13,34,13
14,14,7,47,14,34,14
14,15,7,47,15,34,15
14,16,7,47,20,34,45

// Medicine
15,1,7,31,3,34,1
15,2,7,31,6,34,2
15,3,7,31,9,34,3
15,4,7,31,12,34,4
15,5,7,31,15,34,5
15,6,7,31,18,34,6
15,7,7,31,21,34,7
15,8,7,31,24,34,8
15,9,7,31,27,34,9
15,10,7,31,30,34,10
15,11,7,31,33,34,11
15,12,7,31,36,34,12
15,13,7,31,39,34,13
15,14,7,31,42,34,14
15,15,7,31,45,34,15
15,16,7,31,50,34,45

// Carpentry
16,1,7,28,2,34,1
16,2,7,28,4,34,2
16,3,7,28,6,34,3
16,4,7,28,8,34,4
16,5,7,28,10,34,5
16,6,7,28,12,34,6
16,7,7,28,14,34,7
16,8,7,28,16,34,8
16,9,7,28,18,34,9
16,10,7,28,20,34,10
16,11,7,28,22,34,11
16,12,7,28,24,34,12
16,13,7,28,26,34,13
16,14,7,28,28,34,14
16,15,7,28,30,34,15
16,16,7,28,30,47,5,34,45